Minimize
  obj: 1.0000000000000000e+00 x3
Subject To
 C0 : 1.0000000000000000e+00 x0 + 3.3469948001890425e-02 x1 + 3.2996420763896978e-01 x2 + 1.0000000000000000e+00 x3 >= 1.0999661574206242e-01
 C1 : 1.0000000000000000e+00 x0 + 6.9063570429134924e-01 x1 + 4.2248668215353358e-01 x2 + 1.0000000000000000e+00 x3 >= 6.5547267263910903e-01
 C2 : 1.0000000000000000e+00 x0 + 2.0626513855823556e-01 x1 + 2.5012845091993386e-01 x2 + 1.0000000000000000e+00 x3 >= 1.0510954934405388e-01
 C3 : 1.0000000000000000e+00 x0 + 6.3655852416369996e-01 x1 + 8.6362238082272114e-01 x2 + 1.0000000000000000e+00 x3 >= 1.1510503713433731e+00
 C4 : 1.0000000000000000e+00 x0 + 3.0165563118721156e-01 x1 + 2.4923935078514710e-02 x2 + 1.0000000000000000e+00 x3 >= 9.1617322366753032e-02
 C5 : 1.0000000000000000e+00 x0 + 3.6499270906904375e-01 x1 + 7.6538098220032691e-01 x2 + 1.0000000000000000e+00 x3 >= 7.1902772558749684e-01
 C6 : 1.0000000000000000e+00 x0 + 3.1786026308213378e-01 x1 + 1.3572839281322827e-01 x2 + 1.0000000000000000e+00 x3 >= 1.1945734346230530e-01
 C7 : 1.0000000000000000e+00 x0 + 1.0674525802337811e-01 x1 + 7.6067157218264026e-01 x2 + 1.0000000000000000e+00 x3 >= 5.9001579083728740e-01
 C8 : 1.0000000000000000e+00 x0 + 8.1672282927516993e-02 x1 + 5.5095620851542627e-01 x2 + 1.0000000000000000e+00 x3 >= 3.1022310550028632e-01
 C9 : 1.0000000000000000e+00 x0 + 5.6465188905813358e-01 x1 + 7.4327050696279418e-01 x2 + 1.0000000000000000e+00 x3 >= 8.7128280233764788e-01
 C10 : -1.0000000000000000e+00 x0 - 3.3469948001890425e-02 x1 - 3.2996420763896978e-01 x2 + 1.0000000000000000e+00 x3 >= -1.0999661574206241e-01
 C11 : -1.0000000000000000e+00 x0 - 6.9063570429134924e-01 x1 - 4.2248668215353358e-01 x2 + 1.0000000000000000e+00 x3 >= -6.5547267263910902e-01
 C12 : -1.0000000000000000e+00 x0 - 2.0626513855823556e-01 x1 - 2.5012845091993386e-01 x2 + 1.0000000000000000e+00 x3 >= -1.0510954934405387e-01
 C13 : -1.0000000000000000e+00 x0 - 6.3655852416369996e-01 x1 - 8.6362238082272114e-01 x2 + 1.0000000000000000e+00 x3 >= -1.1510503713433730e+00
 C14 : -1.0000000000000000e+00 x0 - 3.0165563118721156e-01 x1 - 2.4923935078514710e-02 x2 + 1.0000000000000000e+00 x3 >= -9.1617322366753031e-02
 C15 : -1.0000000000000000e+00 x0 - 3.6499270906904375e-01 x1 - 7.6538098220032691e-01 x2 + 1.0000000000000000e+00 x3 >= -7.1902772558749683e-01
 C16 : -1.0000000000000000e+00 x0 - 3.1786026308213378e-01 x1 - 1.3572839281322827e-01 x2 + 1.0000000000000000e+00 x3 >= -1.1945734346230529e-01
 C17 : -1.0000000000000000e+00 x0 - 1.0674525802337811e-01 x1 - 7.6067157218264026e-01 x2 + 1.0000000000000000e+00 x3 >= -5.9001579083728739e-01
 C18 : -1.0000000000000000e+00 x0 - 8.1672282927516993e-02 x1 - 5.5095620851542627e-01 x2 + 1.0000000000000000e+00 x3 >= -3.1022310550028631e-01
 C19 : -1.0000000000000000e+00 x0 - 5.6465188905813358e-01 x1 - 7.4327050696279418e-01 x2 + 1.0000000000000000e+00 x3 >= -8.7128280233764787e-01
Bounds
  x0 free
  x1 free
  x2 free
  x3 free
End
