Minimize
  obj: 1.0000000000000000e+00 x3
Subject To
 C0 : 1.0000000000000000e+00 x0 + 1.0000000000000000e+00 x3 >= 0.0000000000000000e+00
 C1 : 1.0000000000000000e+00 x0 + 1.0000000000000000e+00 x3 >= 0.0000000000000000e+00
 C2 : 1.0000000000000000e+00 x0 + 5.0000000000000000e-01 x1 + 5.0000000000000000e-01 x2 + 1.0000000000000000e+00 x3 >= 5.0000000000000000e-01
 C3 : 1.0000000000000000e+00 x0 + 5.0000000000000000e-01 x1 + 1.0000000000000000e+00 x3 >= 2.5000000000000000e-01
 C4 : 1.0000000000000000e+00 x0 + 1.0000000000000000e+00 x1 + 1.0000000000000000e+00 x2 + 1.0000000000000000e+00 x3 >= 2.0000000000000000e+00
 C5 : 1.0000000000000000e+00 x0 + 1.0000000000000000e+00 x1 + 1.0000000000000000e+00 x3 >= 1.0000000000000000e+00
 C6 : -1.0000000000000000e+00 x0 + 1.0000000000000000e+00 x3 >= -0.0000000000000000e+00
 C7 : -1.0000000000000000e+00 x0 + 1.0000000000000000e+00 x3 >= -0.0000000000000000e+00
 C8 : -1.0000000000000000e+00 x0 - 5.0000000000000000e-01 x1 - 5.0000000000000000e-01 x2 + 1.0000000000000000e+00 x3 >= -5.0000000000000000e-01
 C9 : -1.0000000000000000e+00 x0 - 5.0000000000000000e-01 x1 + 1.0000000000000000e+00 x3 >= -2.5000000000000000e-01
 C10 : -1.0000000000000000e+00 x0 - 1.0000000000000000e+00 x1 - 1.0000000000000000e+00 x2 + 1.0000000000000000e+00 x3 >= -2.0000000000000000e+00
 C11 : -1.0000000000000000e+00 x0 - 1.0000000000000000e+00 x1 + 1.0000000000000000e+00 x3 >= -1.0000000000000000e+00
Bounds
  x0 free
  x1 free
  x2 free
  x3 free
End
